Selection	View	Channel	Begin Time (s)	End Time (s)	Low Freq (Hz)	High Freq (Hz)	Delta Time (s)	Comment
1	Spectrogram 1	1	0.063993588	0.302902983	1088.889	6397.222	0.2389	
2	Spectrogram 1	1	0.324234179	0.465020072	1156.944	6329.167	0.1408	
3	Spectrogram 1	1	0.537546138	0.657000835	1088.889	5920.833	0.1195	
4	Spectrogram 1	1	0.784988011	0.985501253	1088.889	5784.722	0.2005	
5	Spectrogram 1	1	1.045228602	1.241475605	1020.833	5988.889	0.1962	
6	Spectrogram 1	1	1.339599106	1.505982434	884.722	5512.500	0.1664	
7	Spectrogram 1	1	1.565709783	1.740625590	1293.056	6125.000	0.1749	
8	Spectrogram 1	1	1.843015331	2.013664898	1565.278	6056.944	0.1706	
9	Spectrogram 1	1	2.141652074	2.342165316	1225.000	5580.556	0.2005	
10	Spectrogram 1	1	2.410425143	2.572542232	1225.000	5580.556	0.1621	
11	Spectrogram 1	1	2.760256757	2.901042650	1225.000	5920.833	0.1408	
12	Spectrogram 1	1	2.939438803	3.097289653	1020.833	5920.833	0.1579	
13	Spectrogram 1	1	3.152750762	3.306335373	1497.222	5648.611	0.1536	
14	Spectrogram 1	1	3.421523831	3.579374681	1225.000	6056.944	0.1579	
15	Spectrogram 1	1	3.668965704	3.805485358	1156.944	5784.722	0.1365	
16	Spectrogram 1	1	3.907875099	4.082790906	1020.833	5648.611	0.1749	
17	Spectrogram 1	1	4.230870779	4.439916499	1088.889	5852.778	0.2090	
18	Spectrogram 1	1	4.474046413	4.653228459	1293.056	5988.889	0.1792	
19	Spectrogram 1	1	4.694148778	4.947550457	1293.056	6601.389	0.2534	
20	Spectrogram 1	1	4.950567144	5.306536170	1156.944	6533.333	0.3560	
21	Spectrogram 1	1	5.303519483	5.587088030	1156.944	6669.444	0.2836	
22	Spectrogram 1	1	5.581054656	5.846523083	1156.944	6465.278	0.2655	
23	Spectrogram 1	1	5.846441042	6.172243201	1156.944	7009.722	0.3258	
24	Spectrogram 1	1	6.317044161	6.473911867	1088.889	6056.944	0.1569	
25	Spectrogram 1	1	6.609662767	6.754463727	1225.000	5852.778	0.1448	
26	Spectrogram 1	1	6.866081133	7.041048960	1020.833	5852.778	0.1750	
27	Spectrogram 1	1	7.086299260	7.285400579	1156.944	5852.778	0.1991	
28	Spectrogram 1	1	7.359860909	7.586112409	1361.111	6125.000	0.2263	
29	Spectrogram 1	1	7.616279275	7.851580835	1293.056	5920.833	0.2353	
30	Spectrogram 1	1	7.891165073	8.126466632	1020.833	5852.778	0.2353	
31	Spectrogram 1	1	8.171716932	8.407018492	1225.000	5988.889	0.2353	
32	Spectrogram 1	1	8.407018492	8.743892765	1225.000	6805.556	0.3369	
33	Spectrogram 1	1	8.737859391	8.888693724	1156.944	6873.611	0.1508	
34	Spectrogram 1	1	8.960319001	9.110003122	1213.761	5731.651	0.1497	
35	Spectrogram 1	1	9.264223125	9.395763716	1416.055	5731.651	0.1315	
36	Spectrogram 1	1	9.504275624	9.658495628	1348.624	5799.083	0.1542	
37	Spectrogram 1	1	9.731069747	9.885289751	1213.761	4922.477	0.1542	
39	Spectrogram 1	1	10.039509754	10.193729758	1281.193	5057.339	0.1542	
40	Spectrogram 1	1	10.284447407	10.429595645	1146.330	5529.358	0.1451	
41	Spectrogram 1	1	10.606495061	10.774322712	1213.761	5933.945	0.1678	
42	Spectrogram 1	1	10.937614480	11.137193308	1348.624	6001.376	0.1996	
43	Spectrogram 1	1	11.259662135	11.468312727	1348.624	6810.550	0.2087	
44	Spectrogram 1	1	11.555653083	11.782447205	1281.193	6945.413	0.2268	
45	Spectrogram 1	1	12.000169563	12.149853684	1281.193	6068.807	0.1497	
46	Spectrogram 1	1	12.186140744	12.431078396	1348.624	6405.963	0.2449	
47	Spectrogram 1	1	12.517260163	12.730446638	1281.193	6001.376	0.2132	
48	Spectrogram 1	1	12.780341346	12.957240761	1348.624	5529.358	0.1769	
49	Spectrogram 1	1	13.075173705	13.229393709	1416.055	5596.789	0.1542	
50	Spectrogram 1	1	13.252073121	13.419900772	1416.055	5461.927	0.1678	
51	Spectrogram 1	1	13.533297833	13.692053719	1416.055	5596.789	0.1588	
52	Spectrogram 1	1	13.751020191	13.905240194	1146.330	5596.789	0.1542	
53	Spectrogram 1	1	14.049688620	14.194836859	1078.899	5664.220	0.1451	
54	Spectrogram 1	1	14.303698038	14.489669218	1348.624	5731.651	0.1860	
55	Spectrogram 1	1	14.612138044	14.807180990	1213.761	6473.394	0.1950	
56	Spectrogram 1	1	14.834396285	15.074798055	1213.761	6405.963	0.2404	
57	Spectrogram 1	1	15.256233353	15.446740416	1348.624	6068.807	0.1905	
58	Spectrogram 1	1	15.460348064	15.655391009	1281.193	5529.358	0.1950	
59	Spectrogram 1	1	15.764252188	15.945687486	1213.761	5799.083	0.1814	
60	Spectrogram 1	1	16.059084548	16.245055728	1146.330	5529.358	0.1860	
61	Spectrogram 1	1	16.290414553	16.480921616	1348.624	5664.220	0.1905	
62	Spectrogram 1	1	16.638560090	16.806387741	1483.486	5596.789	0.1678	
63	Spectrogram 1	1	16.865354213	17.019574216	741.743	5596.789	0.1542	
64	Spectrogram 1	1	17.123899512	17.296263046	1281.193	6136.239	0.1724	
65	Spectrogram 1	1	17.418731872	17.636454230	1348.624	6068.807	0.2177	
66	Spectrogram 1	1	17.754387174	17.985717179	1416.055	6608.257	0.2313	
67	Spectrogram 1	1	17.994788944	18.348587775	1011.468	6675.688	0.3538	
68	Spectrogram 1	1	18.424456013	18.619498958	1281.193	6540.826	0.1950	
69	Spectrogram 1	1	18.619498958	18.873508376	1213.761	6675.688	0.2540	
70	Spectrogram 1	1	18.946082495	19.168340735	1348.624	5799.083	0.2223	
71	Spectrogram 1	1	19.172876618	19.295345444	1483.486	5664.220	0.1225	
72	Spectrogram 1	1	19.549354862	19.721718395	1213.761	5933.945	0.1724	
73	Spectrogram 1	1	19.748933690	19.912225458	1281.193	5529.358	0.1633	
74	Spectrogram 1	1	20.034694284	20.188914288	1281.193	5866.514	0.1542	
75	Spectrogram 1	1	20.320454879	20.479210765	1213.761	6001.376	0.1588	
76	Spectrogram 1	1	20.574464296	20.719612535	1213.761	5933.945	0.1451	
77	Spectrogram 1	1	20.796722537	20.955478423	1213.761	5529.358	0.1588	
78	Spectrogram 1	1	21.100626661	21.304741372	1348.624	5664.220	0.2041	
79	Spectrogram 1	1	21.378053302	21.668349779	1281.193	6877.982	0.2903	
80	Spectrogram 1	1	21.677421544	21.913287431	1146.330	6810.550	0.2359	
81	Spectrogram 1	1	22.022148610	22.199048026	1011.468	5866.514	0.1769	
82	Spectrogram 1	1	22.253478616	22.430378031	944.037	5933.945	0.1769	
83	Spectrogram 1	1	22.552846858	22.738818038	1483.486	5933.945	0.1860	
84	Spectrogram 1	1	22.797784510	22.956540396	1348.624	5664.220	0.1588	
85	Spectrogram 1	1	23.083545105	23.292195698	1348.624	5933.945	0.2087	
86	Spectrogram 1	1	23.423736289	23.582492175	1348.624	5933.945	0.1588	
87	Spectrogram 1	1	23.726259449	23.921302395	1213.761	6001.376	0.1950	
88	Spectrogram 1	1	24.030163574	24.202527107	1078.899	6001.376	0.1724	
89	Spectrogram 1	1	24.284172991	24.465608289	1213.761	5866.514	0.1814	
90	Spectrogram 1	1	24.569933586	24.751368884	1416.055	5731.651	0.1814	
91	Spectrogram 1	1	24.833014768	24.964555360	1281.193	5664.220	0.1315	
92	Spectrogram 1	1	25.266936777	25.434764428	1416.055	6136.239	0.1678	
93	Spectrogram 1	1	25.461979723	25.661558551	1146.330	6203.670	0.1996	
94	Spectrogram 1	1	25.956390911	26.106075032	1550.917	6338.532	0.1497	
95	Spectrogram 1	1	26.169577386	26.409979156	1213.761	6743.119	0.2404	
96	Spectrogram 1	1	26.450802098	26.682132103	1146.330	6877.982	0.2313	
97	Spectrogram 1	1	26.745634458	26.986036228	1213.761	7080.275	0.2404	
98	Spectrogram 1	1	27.068630630	27.245530045	1146.330	6136.239	0.1769	
99	Spectrogram 1	1	27.250065928	27.472324168	1213.761	6675.688	0.2223	
100	Spectrogram 1	1	27.567577700	27.739941233	1483.486	6473.394	0.1724	
101	Spectrogram 1	1	27.821587117	27.980343003	1685.780	5799.083	0.1588	
102	Spectrogram 1	1	28.048381240	28.207137126	1348.624	5866.514	0.1588	
103	Spectrogram 1	1	28.293318892	28.429395366	1416.055	6001.376	0.1361	
104	Spectrogram 1	1	28.588151252	28.737835373	1281.193	5731.651	0.1497	
105	Spectrogram 1	1	28.864840082	29.019060085	1146.330	5596.789	0.1542	
106	Spectrogram 1	1	29.073490675	29.223174796	1348.624	6001.376	0.1497	
107	Spectrogram 1	1	29.313892445	29.499863625	1348.624	6001.376	0.1860	
108	Spectrogram 1	1	29.603418873	29.780318289	1213.761	5731.651	0.1769	
109	Spectrogram 1	1	29.816605349	30.002576530	1213.761	5731.651	0.1860	
110	Spectrogram 1	1	30.106901826	30.292873007	1281.193	6001.376	0.1860	
111	Spectrogram 1	1	30.301944772	30.569561836	1281.193	6203.670	0.2676	
112	Spectrogram 1	1	30.620141509	30.874150926	1281.193	6945.413	0.2540	
113	Spectrogram 1	1	30.883222691	31.137232109	1348.624	6877.982	0.2540	
114	Spectrogram 1	1	31.187126816	31.359490349	1348.624	6068.807	0.1724	
115	Spectrogram 1	1	31.454743881	31.608963884	1146.330	5866.514	0.1542	
116	Spectrogram 1	1	31.690609768	31.872045066	1146.330	5731.651	0.1814	
117	Spectrogram 1	1	32.008525563	32.194496744	1146.330	6203.670	0.1860	
118	Spectrogram 1	1	32.294286158	32.462113809	1213.761	6068.807	0.1678	
119	Spectrogram 1	1	32.548295575	32.738802639	1281.193	5394.495	0.1905	
120	Spectrogram 1	1	32.838592053	32.979204409	1213.761	5596.789	0.1406	
121	Spectrogram 1	1	33.156103824	33.314859710	1483.486	5664.220	0.1588	
122	Spectrogram 1	1	33.460007949	33.623299717	1416.055	5933.945	0.1633	
123	Spectrogram 1	1	33.745768544	33.904524430	1213.761	5731.651	0.1588	
124	Spectrogram 1	1	33.966225678	34.115909799	1281.193	5866.514	0.1497	
125	Spectrogram 1	1	34.215699213	34.469708630	1213.761	4450.459	0.2540	
126	Spectrogram 1	1	34.750933342	34.891545699	1011.468	5731.651	0.1406	
127	Spectrogram 1	1	35.014014525	35.317918649	1281.193	6001.376	0.3039	
128	Spectrogram 1	1	35.440387476	35.680789246	1348.624	6136.239	0.2404	
129	Spectrogram 1	1	35.698932776	35.962013958	1281.193	5461.927	0.2631	
130	Spectrogram 1	1	35.984693370	36.229631023	1213.761	6608.257	0.2449	
131	Spectrogram 1	1	36.361171614	36.597037502	1416.055	6945.413	0.2359	
132	Spectrogram 1	1	36.619716914	36.900941626	1146.330	6810.550	0.2812	
133	Spectrogram 1	1	36.987123393	37.177630456	1281.193	6810.550	0.1905	
134	Spectrogram 1	1	37.186702221	37.372673401	1213.761	5933.945	0.1860	
135	Spectrogram 1	1	37.589291923	37.708328703	1213.761	5933.945	0.1190	
